 config file for SmoothLife

 any line that doesn't start with 1, 2 or 3 is ignored
 parameters with (ex) were found by others

 dimension 1/2/3
 time step mode 0 = discrete  1,2 = smooth
 ra rr rb dt
 b1 b2 d1 d2
 sigmode  1-4
 sigtype  0-9
 mixtype  0-7
 sn sm

 starting params (first line):

2 0   12.0  3.0  12.0  0.100   0.188  0.209  0.281  0.707   4 4 4   0.076  0.154    // 9  colorful worms

 old:

1 0   12.0  3.0  12.0  0.089   0.301  0.615  0.497  0.787   4 4 4   0.028  0.147    // farn

1 1    9.7  3.0  12.0  0.114   0.249  0.383  0.308  0.420   4 4 4   0.062  0.123    // 1D class 4
1 1   12.0  3.0  12.0  0.089   0.305  0.443  0.556  0.814   4 4 4   0.028  0.147    // kaktus

1 2   12.0  3.0  12.0  0.089   0.231  0.263  0.356  0.559   4 4 4   0.028  0.147    // 1D glider and stable

2 0   12.0  3.0  12.0  0.100   0.188  0.209  0.281  0.707   4 4 4   0.076  0.154    // 9  colorful worms
2 0   12.0  3.0  12.0  0.100   0.196  0.225  0.248  0.421   4 4 4   0.028  0.147    // 6  worms
2 0   12.0  3.0  12.0  0.100   0.199  0.227  0.248  0.421   4 4 4   0.028  0.147    // worms slightly modified
2 0   12.0  3.0  12.0  0.100   0.205  0.209  0.262  0.699   4 4 5   0.083  0.086    // colorful worms
2 0   12.0  3.0  12.0  0.100   0.209  0.275  0.331  0.379   3 6 4   0.028  0.147    // nice oscillators that vanish much too fast though
2 0   12.0  3.0  12.0  0.100   0.209  0.280  0.321  0.368   3 6 4   0.028  0.147    // two different oscillators
2 0   12.0  3.0  12.0  0.100   0.216  0.269  0.284  0.605   2 4 4   0.028  0.147    // crazy worms
2 0   12.0  3.0  12.0  0.100   0.247  0.291  0.276  0.440   4 4 4   0.078  0.147    // glider in mode 2 AND 3? almost!
2 0   12.0  3.0  12.0  0.100   0.251  0.333  0.224  0.333   4 4 4   0.028  0.147    // 8  oscillating glider
2 0   12.0  3.0  12.0  0.100   0.256  0.290  0.140  0.320   4 4 4   0.110  0.220    // jsfiddle (ex)
2 0   12.0  3.0  12.0  0.100   0.277  0.346  0.238  0.501   1 4 4   0.028  0.147    // flickering stuff
2 0   12.0  3.0  12.0  0.100   0.278  0.365  0.250  0.468   4 8 6   0.028  0.100    // 5  with atancos sigmoid_mix and bump sigmoid_ab
2 0   12.0  3.0  12.0  0.100   0.278  0.365  0.267  0.445   4 4 4   0.028  0.147    // 1  the generic smoothglider
2 0   12.0  3.0  12.0  0.100   0.280  0.321  0.182  0.406   4 4 4   0.176  0.098    // soft
2 0   12.0  3.0  12.0  0.100   0.289  0.405  0.349  0.518   4 6 6   0.019  0.100    // 4  oscillating 3-star (with atancos sigmoid)
2 0   12.0  3.0  12.0  0.100   0.3125 0.4375 0.1875 0.4375  4 4 4   0.028  0.147    // 7  original 33/23 life rule
2 0   12.0  3.0  12.0  0.100   0.362  0.470  0.221  0.540   4 7 7   0.028  0.147    // 3  worms (with overshooting)
2 0   12.0  3.0  12.0  0.100   0.362  0.470  0.258  0.554   4 4 4   0.028  0.147    // 2  paragliders and stable circles
2 0   14.3  3.0  14.3  0.093   0.322  0.353  0.157  0.673   2 4 4   0.082  0.147    // pattern
2 0   14.3  3.0  14.3  0.093   0.325  0.337  0.305  0.574   2 4 4   0.082  0.147    // chains (start with b1=0.300 or mode 2)
2 0   24.6  3.0  12.0  0.100   0.262  0.328  0.269  0.434   4 4 4   0.028  0.147    // randomly direction changing glider
2 0   35.4  3.0  12.0  0.100   0.254  0.315  0.370  0.571   2 4 4   0.028  0.147    // 5fold oscillator
2 0  100.0 20.0  50.0  0.100   0.264  0.373  0.283  0.460   3 4 4   0.028  0.147    // smooth glider with bigger rr
2 0   12.7  3.0  12.0  0.100   0.361  0.402  0.142  0.511   2 4 4   0.028  0.147    // pattern from exploding glider chains
2 0   12.7  3.0  12.0  0.100   0.091  0.317  0.113  0.562   2 9 7   0.028  0.036    // swirly pattern

2 1   10.0  3.0  10.0  0.100   0.219  0.283  0.299  0.508   2 4 6   0.028  0.100    // N
2 1   10.0  3.0  10.0  0.100   0.257  0.336  0.355  0.549   2 4 4   0.028  0.147    // K
2 1   10.0  3.0  10.0  0.100   0.257  0.336  0.365  0.549   2 4 4   0.028  0.147    // L
2 1   10.0  3.0  10.0  0.100   0.279  0.397  0.428  0.628   2 7 4   0.028  0.147    // M (start with sm=6)
2 1   10.0  3.0  10.0  0.100   0.377  0.336  0.365  0.799   2 4 4   0.028  0.147    // stable structures
2 1   10.1  3.0  10.1  0.101   0.219  0.283  0.299  0.508   2 4 4   0.028  0.100    // stable "big cell"
2 1   10.6  3.0  10.0  0.140   0.285  0.403  0.503  0.677   4 4 4   0.028  0.147    // fast, small version of "another double smooth glider"
2 1   11.4  3.0  11.4  0.068   0.264  0.291  0.275  0.604   2 4 4   0.028  0.147    // nice stable pattern
2 1   12.0  3.0  12.0  0.100   0.130  0.156  0.136  0.219   4 4 4   0.028  0.147    // C
2 1   12.0  3.0  12.0  0.100   0.160  0.176  0.684  0.908   3 7 6   0.030  0.110    // W (start, then d1=0.692)
2 1   12.0  3.0  12.0  0.100   0.175  0.178  0.228  0.362   4 7 6   0.026  0.185    // V
2 1   12.0  3.0  12.0  0.100   0.182  0.212  0.187  0.248   4 4 4   0.028  0.147    // P
2 1   12.0  3.0  12.0  0.100   0.196  0.228  0.230  0.380   4 4 4   0.028  0.147    // D
2 1   12.0  3.0  12.0  0.100   0.206  0.240  0.136  0.225   4 4 4   0.028  0.147    // Q
2 1   12.0  3.0  12.0  0.100   0.218  0.269  0.285  0.496   2 4 4   0.028  0.147    // R
2 1   12.0  3.0  12.0  0.100   0.222  0.272  0.417  0.634   4 4 4   0.028  0.147    // X
2 1   12.0  3.0  12.0  0.100   0.226  0.271  0.323  0.504   4 4 4   0.028  0.147    // E
2 1   12.0  3.0  12.0  0.100   0.226  0.276  0.323  0.494   4 4 4   0.028  0.147    // F
2 1   12.0  3.0  12.0  0.100   0.228  0.276  0.337  0.507   4 4 4   0.028  0.147    // G
2 1   12.0  3.0  12.0  0.100   0.230  0.312  0.526  0.696   4 4 4   0.028  0.147    // A
2 1   12.0  3.0  12.0  0.100   0.230  0.312  0.526  0.762   4 4 4   0.028  0.147    // B
2 1   12.0  3.0  12.0  0.100   0.235  0.288  0.353  0.507   4 4 4   0.028  0.147    // H
2 1   12.0  3.0  12.0  0.100   0.237  0.312  0.464  0.634   4 4 4   0.028  0.147    // Z
2 1   12.0  3.0  12.0  0.100   0.241  0.298  0.353  0.517   4 4 4   0.028  0.147    // I
2 1   12.0  3.0  12.0  0.100   0.241  0.327  0.358  0.490   2 4 4   0.028  0.147    // stable web
2 1   12.0  3.0  12.0  0.100   0.243  0.298  0.355  0.520   4 4 4   0.028  0.147    // J
2 1   12.0  3.0  12.0  0.100   0.246  0.322  0.498  0.685   4 4 4   0.028  0.147    // Y
2 1   12.0  3.0  12.0  0.100   0.251  0.302  0.321  0.514   2 4 4   0.023  0.076    // direction changing glider
2 1   12.0  3.0  12.0  0.100   0.264  0.291  0.275  0.514   2 4 4   0.028  0.147    // S
2 1   12.0  3.0  12.0  0.100   0.274  0.292  0.233  0.443   4 4 4   0.005  0.125    // blobs and strange gliders
2 1   12.0  3.0  12.0  0.100   0.278  0.324  0.267  0.445   4 4 4   0.028  0.147    // twin glider
2 1   12.0  3.0  12.0  0.100   0.282  0.315  0.310  0.543   2 4 4   0.028  0.147    // O
2 1   12.0  3.0  12.0  0.100   0.288  0.366  0.374  0.528   2 4 4   0.028  0.147    // T
2 1   12.0  3.0  12.0  0.100   0.330  0.429  0.469  0.705   2 4 4   0.028  0.147    // U
2 1   13.8  3.0  10.0  0.100   0.206  0.246  0.367  0.666   4 4 4   0.028  0.147    // structure building
2 1   15.3  3.0  12.0  0.077   0.332  0.376  0.350  0.597   1 4 4   0.028  0.147    // blinkers and growing stuff
2 1   15.9  3.0  15.9  0.099   0.219  0.283  0.299  0.508   2 4 4   0.028  0.150    // N (like this. 2 4 6 was wrong)
2 1   16.5  3.0  10.0  0.100   0.247  0.314  0.328  0.510   2 4 4   0.028  0.147    // randomly curving gliders
2 1   16.5  3.0  10.0  0.100   0.247  0.314  0.365  0.549   2 4 4   0.028  0.147    // blobs
2 1   18.3  3.0  18.3  0.097   0.275  0.305  0.275  0.496   2 4 4   0.028  0.147    // 3 fold metastable structure
2 1   20.2  3.0  20.2  0.101   0.251  0.314  0.333  0.527   2 7 4   0.028  0.100    // more big cells
2 1   20.5  3.0  10.0  0.100   0.266  0.331  0.334  0.516   2 4 4   0.028  0.147    // smooth smooth glider (and twin)
2 1   20.7  3.0  20.7  0.095   0.269  0.298  0.188  0.373   4 4 4   0.013  0.103    // gliders and blocks
2 1   22.3  3.0  22.3  0.157   0.092  0.106  0.365  0.770   4 4 4   0.047  0.340    // 2d alien stuff 2
2 1   22.3  3.0  22.3  0.157   0.092  0.116  0.369  0.734   4 4 4   0.072  0.340    // 2d alien stuff 3
2 1   22.8  3.0  22.8  0.097   0.251  0.288  0.286  0.508   2 4 6   0.028  0.079    // five star
2 1   23.7  3.0  10.0  0.039   0.286  0.403  0.503  0.677   4 4 4   0.028  0.147    // another double smooth glider
2 1   24.8  3.0  24.8  0.077   0.264  0.303  0.264  0.425   2 4 4   0.050  0.077    // dragging
2 1   25.2  3.0  25.2  0.095   0.269  0.298  0.188  0.373   4 4 4   0.034  0.103    // two gliders and blocks
2 1   27.4  3.0  10.0  0.478   0.234  0.373  0.097  0.267   4 5 4   0.216  0.238    // interesting oscillator
2 1   28.1  3.0  28.1  0.100   0.301  0.341  0.235  0.419   4 4 4   0.028  0.147    // interesting oscillators
2 1   31.8  3.0  31.8  0.157   0.092  0.098  0.256  0.607   4 4 4   0.015  0.340    // 2d alien stuff
2 1   33.9  3.0  12.0  0.069   0.162  0.135  0.402  0.610   3 4 4   0.028  0.147    // 3fold rotating structure and ghost glider
2 1   35.5  3.0  12.0  0.069   0.253  0.356  0.544  0.716   4 4 4   0.028  0.147    // "free will" glider
2 1   49.8  3.0  10.0  0.097   0.285  0.301  0.367  0.666   4 4 4   0.028  0.147    // blobs with 3 skins
2 1   70.0  3.0  70.0  0.099   0.235  0.288  0.353  0.507   4 4 4   0.050  0.274    // nice interesting stable glider
2 1   17.6  3.0  12.0  0.073   0.245  0.321  0.396  0.549   4 4 4   0.028  0.147    // randomly steering gliders
2 1   42.2  3.0  12.0  0.011   0.230  0.312  0.526  0.778   4 4 4   0.028  0.147    // gauss kernel 2,4 1
2 1   20.4  3.0  12.0  0.031   0.258  0.343  0.413  0.569   4 4 4   0.028  0.147    // gauss kernel 2,4 glider and blob 1
2 1   20.4  3.0  12.0  0.031   0.285  0.313  0.311  0.612   4 4 4   0.028  0.147    // gauss kernel 2,4 fractal 1
2 1   20.4  3.0  12.0  0.031   0.271  0.331  0.473  0.666   4 4 4   0.028  0.147    // gauss kernel 1,4 fractal 2

2 2    8.9  3.0  10.0  0.097   0.256  0.332  0.543  0.731   4 4 4   0.028  0.147    // "many interesting things" with increased chance of 5 and 6 fold symm. explosions
2 2   10.1  3.0  10.1  0.103   0.254  0.299  0.299  0.487   2 4 4   0.028  0.147    // in search of L 2
2 2   10.1  3.0  10.1  0.103   0.254  0.312  0.340  0.518   2 4 4   0.028  0.147    // in search for L 3
2 2   10.1  3.0  10.1  0.103   0.294  0.380  0.388  0.531   2 4 4   0.028  0.147    // very nice big glider
2 2   10.3  3.0  10.0  0.097   0.255  0.353  0.569  0.768   4 4 4   0.028  0.147    // big glider with net behind
2 2   10.3  3.0  10.3  0.115   0.271  0.334  0.528  0.759   4 4 4   0.028  0.147    // wowstuff mode 2 5
2 2   12.0  3.0  12.0  0.041   0.270  0.569  0.585  0.690   2 4 4   0.021  0.123    // schlieren glider
2 2   12.0  3.0  12.0  0.092   0.404  0.439  0.338  0.939   1 7 4   0.033  0.174    // complex stuff
2 2   12.0  3.0  12.0  0.100   0.264  0.291  0.275  0.486   2 4 4   0.028  0.147    // circling glider
2 2   12.0  3.0  12.0  0.100   0.278  0.371  0.376  0.444   4 4 4   0.028  0.147    // cytogenetic wavefronts (ex)
2 2   12.0  3.0  12.0  0.100   0.303  0.325  0.334  0.551   4 4 4   0.028  0.147    // ring crystals and plasma (ex)
2 2   12.0  3.0  12.0  0.107   0.206  0.226  0.172  0.245   2 4 4   0.021  0.123    // shooting gliders
2 2   12.0  3.0  12.0  0.107   0.222  0.242  0.222  0.400   2 4 4   0.028  0.147    // curving worms and gliders
2 2   12.0  3.0  12.0  0.107   0.229  0.265  0.240  0.374   2 4 4   0.021  0.160    // curving gliders
2 2   12.0  3.0  12.0  0.107   0.229  0.265  0.272  0.453   2 4 4   0.021  0.160    // new glider form
2 2   12.0  3.0  12.0  0.107   0.265  0.577  0.614  0.818   2 4 4   0.021  0.128    // rotating hexagonal structures
2 2   12.0  3.0  12.0  0.107   0.265  0.577  0.622  0.852   2 4 4   0.021  0.128    // rotating hexagons
2 2   12.0  3.0  12.0  0.107   0.267  0.567  0.583  0.707   2 4 4   0.021  0.123    // many stable structures
2 2   12.0  3.0  12.0  0.107   0.269  0.563  0.598  0.787   2 4 4   0.028  0.147    // wavelength
2 2   12.0  3.0  12.0  0.107   0.281  0.613  0.661  0.884   2 4 4   0.022  0.142    // wave glider
2 2   12.0  3.0  12.0  0.115   0.166  0.173  0.101  0.226   4 9 4   0.028  0.147    // biphasic wobblers (ex)
2 2   12.0  3.0  12.0  0.115   0.266  0.338  0.523  0.746   4 4 4   0.028  0.147    // wowstuff mode 2 2
2 2   12.0  3.0  12.0  0.115   0.269  0.340  0.523  0.746   4 4 4   0.028  0.147    // wowstuff mode 2
2 2   12.0  3.0  12.0  0.115   0.270  0.334  0.523  0.746   4 4 4   0.028  0.147    // wowstuff mode 2 3
2 2   12.0  3.0  12.0  0.115   0.297  0.436  0.483  0.676   2 4 4   0.028  0.147    // caterpillar
2 2   12.0  3.0  12.0  0.115   0.297  0.436  0.483  0.683   2 4 4   0.028  0.147    // big glider
2 2   12.0  3.0  12.0  0.218   0.265  0.579  0.614  0.795   2 4 4   0.021  0.128    // rotating hex with worms
2 2   12.0  3.0  12.0  0.218   0.281  0.579  0.614  0.795   2 4 4   0.021  0.128    // rotating hex with worms with membrane
2 2   13.9  3.0  10.0  0.097   0.256  0.332  0.543  0.731   4 4 4   0.028  0.147    // many interesting things
2 2   16.9  3.0  16.9  0.107   0.274  0.290  0.233  0.432   2 4 4   0.067  0.248    // real smooth dragging
2 2   20.1  3.0  20.1  0.103   0.260  0.336  0.378  0.549   2 4 4   0.028  0.147    // in search for L
2 2   20.1  3.0  20.1  0.111   0.263  0.388  0.269  0.294   2 4 4   0.012  0.087    // two types of wires
2 2   20.3  3.0  20.3  0.157   0.117  0.108  0.247  0.594   4 4 4   0.041  0.340    // 2d alien stuff mode 2 2
2 2   21.5  3.0  21.5  0.111   0.298  0.311  0.250  0.462   4 4 4   0.018  0.145    // dragging gliders
2 2   22.4  3.0  12.0  0.100   0.222  0.141  0.403  0.728   3 4 4   0.028  0.147    // cocktail party for ghosts (ex)
2 2   22.7  3.0  22.7  0.052   0.169  0.171  0.340  0.518   4 4 4   0.026  0.454    // 2d alien stuff mode2 6
2 2   22.7  3.0  22.7  0.070   0.200  0.214  0.148  0.335   4 6 4   0.018  0.060    // very soft cone glider
2 2   22.7  3.0  22.7  0.157   0.086  0.091  0.263  0.638   4 4 4   0.018  0.454    // 2d alien stuff mode2 3
2 2   22.7  3.0  22.7  0.157   0.167  0.173  0.065  0.169   4 4 4   0.018  0.454    // 2d alien stuff mode2 4
2 2   22.7  3.0  22.7  0.157   0.169  0.171  0.301  0.466   4 4 4   0.021  0.454    // 2d alien stuff mode2 5
2 2   23.3  3.0  23.3  0.107   0.261  0.281  0.221  0.414   2 4 4   0.040  0.111    // dragging
2 2   23.3  3.0  23.3  0.107   0.261  0.281  0.243  0.438   2 4 4   0.065  0.265    // real smooth block and glider
2 2   24.8  3.0  24.8  0.077   0.264  0.303  0.264  0.425   2 4 4   0.050  0.077    // dragging with mode2
2 2   25.8  3.0  25.8  0.107   0.271  0.584  0.622  0.811   2 4 4   0.021  0.145    // rotating hexagons big
2 2   27.5  3.0  12.0  0.100   0.212  0.244  0.222  0.397   4 4 7   0.035  0.124    // self avoiding glider
2 2   27.5  3.0  12.0  0.100   0.218  0.248  0.225  0.328   2 4 4   0.035  0.165    // fishies
2 2   28.3  3.0  28.3  0.107   0.278  0.303  0.001  0.370   2 4 4   0.021  0.160    // block and glider 2
2 2   28.3  3.0  28.3  0.107   0.278  0.303  0.001  0.384   2 4 4   0.021  0.160    // block and glider
2 2   28.4  3.0  10.0  0.100   0.257  0.325  0.365  0.549   2 4 4   0.028  0.147    // double glider faster than single glider
2 2   28.4  3.0  12.0  0.078   0.195  0.250  0.219  0.509   4 8 7   0.022  0.208    // very smooth cone gliders
2 2   30.4  3.0  30.4  0.115   0.271  0.334  0.523  0.746   4 4 4   0.028  0.147    // wowstuff mode 2 4
2 2   31.8  3.0  31.8  0.157   0.085  0.083  0.306  0.631   4 4 4   0.015  0.340    // fast worms mode 2
2 2   31.8  3.0  31.8  0.157   0.100  0.098  0.272  0.607   4 4 4   0.015  0.340    // 2d alien stuff mode 2
2 2   60.0  3.0  60.0  0.107   0.282  0.340  0.523  0.746   4 4 4   0.028  0.147    // different stable mandalas
2 2   60.3  3.0  12.0  0.093   0.184  0.209  0.284  0.585   4 4 4   0.019  0.142    // nice blinker
2 2   19.8  3.0  12.0  0.084   0.211  0.243  0.241  0.354   4 4 4   0.028  0.147    // gauss kernel 1,4 gliders and rotating blobs
2 2   12.0  3.0  12.0  0.100   0.214  0.256  0.477  0.850   4 4 4   0.028  0.147    // growing blob
2 2   12.0  3.0  12.0  0.100   0.235  0.292  0.563  0.900   4 4 4   0.028  0.147    // branching and nets

2 4   12.0  3.0  12.0  0.083   0.325  0.337  0.376  0.580   4 4 4   0.030  0.168    // mode 4, watch in black on white

3 0    9.2  2.0   4.0  0.157   0.214  0.251  0.274  0.437   4 4 4   0.052  0.144    // new 3d discrete
3 0    9.2  2.0   9.2  0.157   0.227  0.251  0.277  0.437   4 4 4   0.052  0.144    // some 3d discrete stuff 2
3 0   10.1  3.0  10.1  0.101   0.241  0.282  0.212  0.414   4 4 4   0.028  0.140    // searching for the 3D glider
3 0   14.5  2.0  14.5  0.157   0.227  0.251  0.227  0.445   4 4 4   0.052  0.144    // some 3d discrete stuff

3 1   10.3  2.0  10.3  0.057   0.100  0.113  0.076  0.480   4 4 4   0.015  0.170    // ri=ra/2 cells (rather like this?)
3 1   10.3  2.0  10.3  0.057   0.100  0.113  0.136  0.410   4 4 4   0.015  0.170    // ri=ra/2 cells
3 1   10.3  2.0  10.3  0.100   0.197  0.212  0.342  0.560   4 4 4   0.016  0.256    // holey stuff
3 1   11.7  2.0  11.7  0.097   0.103  0.115  0.088  0.239   4 4 4   0.015  0.170    // ri=ra/2 jellyfish glider (or like this)
3 1   11.7  2.0  11.7  0.097   0.103  0.115  0.108  0.239   4 4 4   0.015  0.170    // ri=ra/2 jellyfish glider
3 1   12.2  2.0  12.2  0.101   0.105  0.102  0.060  0.154   3 5 4   0.011  0.172    // ri=ra/2 cone shaped glider 2 (increase d2 for start)
3 1   12.2  2.0  12.2  0.101   0.117  0.117  0.088  0.154   3 7 7   0.011  0.172    // ri=ra/2 pulsating glider (d2=184 for start, then d2=154 again)
3 1   12.2  2.0  12.2  0.101   0.184  0.208  0.111  0.465   4 4 4   0.028  0.140    // ri=ra/2
3 1   12.2  2.1  12.2  0.087   0.184  0.208  0.242  0.515   4 4 4   0.022  0.140    // ri=ra/2.081 familiar looking worms
3 1   12.2  3.0  12.2  0.101   0.095  0.098  0.027  0.096   3 5 4   0.011  0.147    // curving gliders
3 1   12.2  3.0  12.2  0.101   0.095  0.098  0.047  0.097   3 5 4   0.011  0.069    // aquarium
3 1   12.2  3.0  12.2  0.101   0.095  0.098  0.047  0.115   3 5 4   0.011  0.069    // direction changing glider
3 1   12.2  3.0  12.2  0.101   0.095  0.098  0.047  0.127   3 6 6   0.011  0.069    // cone shaped glider
3 1   12.2  3.0  12.2  0.101   0.108  0.123  0.123  0.289   4 4 4   0.011  0.139    // pulsating glider
3 1   12.2  3.0  12.2  0.101   0.116  0.120  0.027  0.090   3 5 4   0.011  0.147    // gliders with bigger holes
3 1   12.2  3.0  12.2  0.101   0.120  0.139  0.108  0.276   4 4 4   0.028  0.140    // cell division
3 1   12.2  3.0  12.2  0.101   0.145  0.165  0.101  0.276   4 4 4   0.028  0.140    // cell division 2
3 1   12.2  3.0  12.2  0.101   0.145  0.165  0.114  0.294   4 4 4   0.028  0.140    // cell division 3
3 1   12.2  3.0  12.2  0.101   0.149  0.171  0.253  0.571   4 4 4   0.021  0.150    // some more complex structures
3 1   12.2  3.0  12.2  0.101   0.180  0.202  0.118  0.285   4 4 4   0.028  0.140    // my first 3D glider (also in mode 0!)
3 1   12.2  3.0  12.2  0.101   0.248  0.265  0.321  0.570   4 4 4   0.011  0.160    // weird stuff
3 1   12.2  3.0  12.2  0.155   0.141  0.159  0.171  0.377   4 4 4   0.027  0.160    // cell division and death
3 1   12.2  3.0  12.2  0.303   0.180  0.202  0.165  0.365   4 4 4   0.048  0.250    // oscillator
3 1   12.3  2.0  12.3  0.147   0.185  0.203  0.103  0.293   4 4 4   0.018  0.135    // ri=ra/2 blocks and gliders
3 1   14.5  3.0  14.5  0.157   0.092  0.093  0.256  0.587   4 4 4   0.015  0.340    // alien life 3
3 1   14.5  3.0  14.5  0.157   0.094  0.098  0.256  0.550   4 4 4   0.015  0.340    // weird stuff 2
3 1   14.5  3.0  14.5  0.157   0.107  0.110  0.256  0.550   4 4 4   0.015  0.340    // alien life 1 (derived from weird stuff 2)
3 1   14.5  3.0  14.5  0.157   0.118  0.120  0.256  0.550   4 4 4   0.015  0.340    // alien life 2
3 1   14.7  3.0  14.7  0.157   0.098  0.100  0.282  0.587   4 4 4   0.015  0.340    // alien life 4
3 1   15.2  3.0  15.2  0.101   0.113  0.118  0.047  0.097   3 5 4   0.011  0.069    // curving glider
3 1   21.7  3.0  21.7  0.157   0.107  0.110  0.297  0.608   4 4 4   0.015  0.340    // leaves (128^3 resolution)
3 1   14.5  3.0  14.5  0.157   0.114  0.120  0.256  0.571   4 4 4   0.015  0.340    // gauss kernel 1,4 leaves

3 2   10.0  2.0  10.0  0.100   0.197  0.207  0.350  0.675   4 4 4   0.016  0.256    // alien life 3D?
3 2   10.0  2.0  10.0  0.100   0.197  0.212  0.342  0.530   4 4 4   0.016  0.256    // 3D gliders with mode 2 (?)
3 2   12.0  2.0  12.0  0.115   0.187  0.208  0.196  0.382   4 4 4   0.017  0.115    // strange breathers

 new stuff:
